'example_tag',1.6243453636632417,-0.6117564136500754,-0.5281717522634557,1641024000
'example_tag',-0.06286761205516034,1.8755086394256888,-1.2914376867792725,1641024001
'example_tag',3.7650137844185005,1.2589951193069175,2.339241116259119,1641024002
'example_tag',2.7809326548256204,4.492410967348004,0.9701623208053762,1641024003
'example_tag',3.717986836390533,3.6563496857356252,5.174173482739478,1641024004
'example_tag',3.95061378319102,4.8780768429546155,4.172646632583679,1641024005
'example_tag',6.102819807321653,6.643421274321883,4.959986883393139,1641024006
'example_tag',8.215430780546685,7.972297791299867,7.573201409608939,1641024007
'example_tag',8.981664030072492,7.397080221633749,7.957917855289433,1641024008
'example_tag',8.155139656650023,8.823021011283076,9.621264557647278,1641024009
'example_tag',9.409349349284794,9.704256574154124,9.413837400890502,1641024010
'example_tag',10.265905469612393,10.439864980274294,11.098446512192211,1641024011
'example_tag',11.003901772576842,12.355627819029213,13.781014298321992,1641024012
'example_tag',13.873357291890468,12.939477578951516,12.243684167228295,1641024013
'example_tag',13.394255847663304,15.833868742441888,14.192221896190171,1641024014
'example_tag',14.514519504945799,15.342430636182618,17.251770287993995,1641024015
'example_tag',16.28177511409779,16.77881927132358,16.46178648157199,1641024016
'example_tag',16.819467325223656,16.02919897369503,16.822374449304295,1641024017
'example_tag',17.972923948443405,18.768441373000382,19.02080159569269,1641024018
'example_tag',20.12302127322275,19.477506517173452,20.07706035618992,1641024019
'example_tag',19.44762226102355,21.45488835725349,20.714950022438213,1641024020
'example_tag',20.9140283770185,21.700639358658712,21.13654949910016,1641024021
'example_tag',23.35385160967365,23.742039038644425,24.407797628755386,1641024022
'example_tag',21.835826896835098,21.788209426893644,22.727857369376785,1641024023
'example_tag',24.402461311872074,25.118593163540467,24.558059189665848,1641024024
'example_tag',23.230324036701248,24.946321239896882,26.080499895132498,1641024025
'example_tag',26.492720997990645,27.02463744293829,26.040298120015905,1641024026
'example_tag',27.071969203797277,27.459288663715558,27.68277891993553,1641024027
'example_tag',28.481128002955053,28.401836928635742,27.612165996539254,1641024028
'example_tag',29.670493079250214,29.41475056392073,30.422413200841213,1641024029
'example_tag',31.501948182931812,30.48818672051425,29.92774535294019,1641024030
'example_tag',30.674400905677093,31.736625667195426,31.390471381479873,1641024031
'example_tag',31.97937864766125,32.366829180066574,31.703231479284195,1641024032
'example_tag',34.031365367405556,32.88620476854734,34.55784103813883,1641024033
'example_tag',34.74692598522515,34.93701286667141,33.2485224976933,1641024034
'example_tag',35.52291778659402,36.09409180463163,34.399834751727425,1641024035
'example_tag',36.09741785763274,36.39625091032973,34.99051904338961,1641024036
'example_tag',37.68889676577967,38.21989802132241,36.514221432905394,1641024037
'example_tag',38.734384362502496,37.07155497260096,38.34514287457234,1641024038
'example_tag',37.7781670392361,40.51535710217506,39.80283993187623,1641024039
'example_tag',40.37942344816463,39.62887878487125,41.677796334199186,1641024040
'example_tag',43.38124316339616,39.55615954969467,42.65030544459424,1641024041
'example_tag',44.051893177391335,42.762254120816905,41.224974391907246,1641024042
'example_tag',44.29768875188746,43.25342313226529,42.83042280655018,1641024043
'example_tag',43.21438630877749,44.994981940420665,45.237251310363796,1641024044
'example_tag',44.83101472486567,45.97512179161883,44.31020406492232,1641024045
'example_tag',47.26650749651782,46.511213763070614,46.27807669273912,1641024046
'example_tag',47.37300160221834,48.34363363175335,48.22515911461249,1641024047
'example_tag',49.01431380920119,48.62254969484587,48.56266961276119,1641024048
'example_tag',50.11332975694802,49.727444054128235,50.17750090181398,1641024049
'example_tag',50.194933731532444,48.07021274094337,51.54387510690992,1641024050
'example_tag',53.702131162125774,51.9565159587201,51.414996281868014,1641024051
'example_tag',52.38880778135649,52.40619833747772,52.54266193355253,1641024052
'example_tag',52.41333480660665,53.01825907743331,52.53832670770328,1641024053
'example_tag',54.79425370684232,54.24881339308369,55.04066586943251,1641024054
'example_tag',55.38085239581306,56.5418907433768,55.769089456890995,1641024055
'example_tag',58.7563562946263,54.669295642765476,55.91873987740166,1641024056
'example_tag',58.47724446740629,60.10408328256398,57.32712279804212,1641024057
'example_tag',58.629527579036974,58.359544343344986,59.91731569844618,1641024058
'example_tag',59.30865173248358,60.27602943583771,59.27615799706093,1641024059
'example_tag',59.33350185081461,60.91960832652404,61.109245419495934,1641024060
'example_tag',62.90938749869388,61.5057145897443,60.998799552449256,1641024061
'example_tag',63.18902372288166,62.86699971850036,62.90692770338527,1641024062
'example_tag',63.56325093261636,64.79670220635741,64.00585635273936,1641024063
'example_tag',66.55112335480563,65.75752134502515,65.30551444256486,1641024064
'example_tag',64.02912731594941,66.25888493686129,66.07684786021272,1641024065
'example_tag',67.47761833947023,67.71110876137394,66.26578847487774,1641024066
'example_tag',68.5007732952181,67.1144622457486,69.63164575177672,1641024067
'example_tag',67.35491702035145,66.92618012646992,67.03614742104459,1641024068
'example_tag',68.80641411280665,68.57785429840997,71.65304860067334,1641024069
'example_tag',70.38057120899254,69.36439491769328,71.8214536838505,1641024070
'example_tag',71.13064777835014,70.48031834063032,72.59301064482102,1641024071
'example_tag',73.35063490385076,72.2923160443175,74.13481272751396,1641024072
'example_tag',73.86647531708446,75.35432333623105,74.24011461937364,1641024073
'example_tag',76.30628028809461,74.85687744390019,73.52773035049572,1641024074
'example_tag',78.20694440663716,75.2118015895932,75.55873789468687,1641024075
'example_tag',76.06727826275552,76.56428231871222,77.01034620875858,1641024076
'example_tag',77.97960795665179,78.43879806537647,79.56993598675335,1641024077
'example_tag',78.6674142160903,77.55475805243238,77.60556066136917,1641024078
'example_tag',79.13222527978068,78.12378399036088,80.62300962241879,1641024079
'example_tag',80.30986724444973,80.49709582977796,80.80618932524281,1641024080
'example_tag',80.4215613935864,80.95686545740578,82.4928933438698,1641024081
'example_tag',83.44682195906913,82.3851108975822,84.63881774240829,1641024082
'example_tag',82.53265691582611,83.49339662822887,83.60754409524837,1641024083
'example_tag',82.05539984833831,86.78601366210094,85.21481686302492,1641024084
'example_tag',84.81399647667807,87.90975930144332,86.44424785875825,1641024085
'example_tag',87.29821300870884,86.26168847048683,86.9749095927221,1641024086
'example_tag',86.35310756255853,88.67381397321273,87.50434955994467,1641024087
'example_tag',89.02293708544352,90.0909437510886,89.17363699973795,1641024088
'example_tag',90.16145734445318,90.17548920381209,89.16571829509459,1641024089
'example_tag',91.74509562852519,92.45245001989541,91.66789656918885,1641024090
'example_tag',92.80410073365681,91.04191040027375,91.05140469631901,1641024091
'example_tag',91.4884169050011,94.16154600012138,92.67511306168558,1641024092
'example_tag',95.33923788187494,93.15748225670715,93.50188495656538,1641024093
'example_tag',95.04492003668622,95.87094501815447,95.01024514529446,1641024094
'example_tag',96.17072071460369,95.97612352690159,96.13678367987194,1641024095
'example_tag',95.85322695181222,97.05062407067025,96.78311797618551,1641024096
'example_tag',97.92297349891213,98.47213453573463,97.2991198387891,1641024097
'example_tag',98.90539096249437,98.69253710712549,99.40720099487385,1641024098
'example_tag',100.78477065101559,99.0445747376263,100.58591043110262,1641024099
