count_0_0_1,18988500,Decimal('652'),
count_0_0_3,5759400,Decimal('1956'),
count_0_2_1,17876400,Decimal('2000'),
count_0_2_3,4612700,Decimal('6000'),
count_2_2_1,10099500,Decimal('6000'),
count_2_2_3,16399000,Decimal('18000'),
integral_0_0_1,13139700,997539.0968876409,
integral_0_0_3,16430000,2986519.322195961,
integral_0_2_1,14917900,1000596.9577646379,
integral_0_2_3,11513600,2999581.592447257,
integral_2_2_1,39636300,2998135.982721584,
integral_2_2_3,22175700,8990015.602011332,
mean_0_0_1,20930700,48.20651565481538,
mean_0_0_3,16245900,48.20651565481538, 48.08116417020691, 48.10327930485798
mean_0_2_1,4082000,50.05510040865963,
mean_0_2_3,15739300,50.05510040865963, 49.995889983699755, 50.00320832237264
mean_2_2_1,7559700,50.05510040865963,
mean_2_2_1,7559700,49.9995687789585,
mean_2_2_1,7559700,49.98799814434864,
mean_2_2_3,17610600,50.05510040865963, 49.995889983699755, 50.00320832237264
mean_2_2_3,17610600,49.9995687789585, 50.0399493484472, 49.95399756163949
mean_2_2_3,17610600,49.98799814434864, 50.008406537106, 49.989989207563355
median_0_0_1,7520900,46.925367700226886,
median_0_0_3,19913400,46.925367700226886, 46.65495043474766, 46.91129382624007
median_0_2_1,17760300,50.01843088395216,
median_0_2_3,17704700,50.01843088395216, 49.85765843282485, 49.63417856796595
median_2_2_1,40057100,50.01843088395216,
median_2_2_1,40057100,49.75431348202228,
median_2_2_1,40057100,50.29786056439018,
median_2_2_3,38081200,50.01843088395216, 49.85765843282485, 49.63417856796595
median_2_2_3,38081200,49.75431348202228, 50.122002901166866, 49.78344834783224
median_2_2_3,38081200,50.29786056439018, 49.97930041653153, 49.65852684811792
mode_0_0_1,20287000,-1.319237740781949,
mode_0_0_3,16364800,-1.319237740781949, -0.8210918055990207, -0.9288041476879642
mode_0_2_1,15212400,-1.8681770823384807,
mode_0_2_3,17566900,-1.8681770823384807, -1.4995326699719922, -1.1393034092324321
mode_2_2_1,21873600,-1.8681770823384807,
mode_2_2_1,21873600,-1.4220055588039326,
mode_2_2_1,21873600,-0.9103201525168011,
mode_2_2_3,28437200,-1.8681770823384807, -1.4995326699719922, -1.1393034092324321
mode_2_2_3,28437200,-1.4220055588039326, -1.5704214149884956, -0.9046052894373839
mode_2_2_3,28437200,-0.9103201525168011, -1.2130573113608019, -1.7681455583785135
spread_0_0_1,20645600,101.51479750185855,
spread_0_0_3,15610500,101.51479750185855, 100.56475991887126, 101.75298781553542
spread_0_2_1,21584000,104.01152936900579,
spread_0_2_3,18628700,104.01152936900579, 103.27974130483875, 103.5588872916115
spread_2_2_1,24013700,104.01152936900579,
spread_2_2_1,24013700,102.73373096904747,
spread_2_2_1,24013700,103.21800991471551,
spread_2_2_3,15993500,104.01152936900579, 103.27974130483875, 103.5588872916115
spread_2_2_3,15993500,102.73373096904747, 102.68830760425864, 102.60910814276079
spread_2_2_3,15993500,103.21800991471551, 102.90596455210196, 105.28508896242055
stddev_0_0_1,2736300,29.342757094082987,
stddev_0_0_3,8007000,29.342757094082987, 29.271115729872363, 29.267061139232666
stddev_0_2_1,16890900,28.929041026961116,
stddev_0_2_3,8101500,28.929041026961116, 28.921357699481344, 28.915337930389178
stddev_2_2_1,9615000,28.929041026961116,
stddev_2_2_1,9615000,28.921238214064598,
stddev_2_2_1,9615000,28.947076081039977,
stddev_2_2_3,25137600,28.929041026961116, 28.921357699481344, 28.915337930389178
stddev_2_2_3,25137600,28.921238214064598, 28.928737246329433, 28.874934574570126
stddev_2_2_3,25137600,28.947076081039977, 28.917804468857504, 28.928376443511635
sum_0_0_1,17064000,31430.648206939626,
sum_0_0_3,16687300,31430.648206939626, 31348.919038974906, 31363.3381067674
sum_0_2_1,11258500,100110.20081731926,
sum_0_2_3,26801200,100110.20081731926, 99991.7799673995, 100006.41664474529
sum_2_2_1,36119000,100110.20081731926,
sum_2_2_1,36119000,99999.137557917,
sum_2_2_1,36119000,99975.99628869728,
sum_2_2_3,22060100,100110.20081731926, 99991.7799673995, 100006.41664474529
sum_2_2_3,22060100,99999.137557917, 100079.89869689441, 99907.99512327898
sum_2_2_3,22060100,99975.99628869728, 100016.813074212, 99979.97841512671
